number_of_register
73,73
number_of_candidates_of_primary_outputs
-,0
way_to_share_operation
0,0
number_of_operands
-,3
//ignored
option1
1
option2
1
option3
0
option4
1
option5
2,3,4,6,7,8,10,11,12,14,15,16,18,19,20,22,23,24,26,27,28,30,31,32,34,35,36,38,39,40,42,43,44,46,47,48,50,51,52,54,55,56,58,59,60,62,63,64
//5,9,13,21,25,29,37,41,45,53,57,61
option6
1
option7
1
option8
0,1,0,1,0,1,1,0
option9
0
option10
0
option11
-1 1 5 6 7 8 9 10 11 12 13 14 15 16 17 18 19 20 21 22 23 24 25 26 27 28 29 30 31 32 33 34 35 36 37 38 39 40 41 42 43 44 45 46 47 48 49 50 51 52 53 54 55 56 57 58 59 60 61 62 63 64 65 66 67 68 1 2 3 4 -1 -1 -1
option12
71,72,73,l 67,68,69,70,c 4 5 6 7 8 9 10 11 12 13 14 15 16 17 18 19 20 21 22 23 24 25 26 27 28 29 30 31 32 33 34 35 36 37 38 39 40 41 42 43 44 45 46 47 48 49 50 51 52 53 54 55 56 57 58 59 60 61 62 63 64 65 66 3 67 68 69 70 71,l 72,l 73,l 
option13
71,72,73,l
