number_of_register
21,21
number_of_candidates_of_primary_outputs
-,0
way_to_share_operation
0,0
number_of_operands
-,3
//ignored
option1
1
option2
1
option3
0
option4
1
option5
2,3,4,6,7,8,10,11,12,14,15,16
option6
1
option7
1
option8
0,1,0,1,0,1,1,0
option9
0
option10
0
option11
-1 1 3,4,5,6,7,8,9,10 3,4,5,6,7,8,9,10 3,4,5,6,7,8,9,10 3,4,5,6,7,8,9,10 3,4,5,6,7,8,9,10 3,4,5,6,7,8,9,10 3,4,5,6,7,8,9,10 3,4,5,6,7,8,9,10 11,12,13,14,15,16,17,18 11,12,13,14,15,16,17,18 11,12,13,14,15,16,17,18 11,12,13,14,15,16,17,18 11,12,13,14,15,16,17,18 11,12,13,14,15,16,17,18 11,12,13,14,15,16,17,18 11,12,13,14,15,16,17,18 1 2 -1
option12
21,l 19,20,c 4 5 6 7 8 9 10 11 12 13 14 15 16 17 18 3 19 20 21,l 
